200
17.4387
37.0242
56.7377
0              0              0              	0
0.0007973      0.00131        0.001706       	0.03518
0.003233       0.005185       0.006586       	0.07035
0.007269       0.01119        0.01363        	0.1055
0.01274        0.0185         0.02119        	0.1407
0.01934        0.02602        0.0274         	0.1759
0.0267         0.03257        0.03069        	0.2111
0.03437        0.03712        0.03021        	0.2462
0.04188        0.03896        0.02607        	0.2814
0.0488         0.03779        0.01928        	0.3166
0.05473        0.03381        0.01155        	0.3518
0.05936        0.02765        0.004809       	0.3869
0.0625         0.02027        0.000723       	0.4221
0.06404        0.0128         0.0002968      	0.4573
0.06401        0.006363       0.003635       	0.4925
0.0625         0.001895       0.009945       	0.5276
0.05971        3.346e-05      0.01776        	0.5628
0.05587        0.001034       0.02529        	0.598
0.05125        0.004769       0.03088        	0.6332
0.04612        0.01077        0.03334        	0.6683
0.04075        0.01833        0.03223        	0.7035
0.03537        0.02659        0.02786        	0.7387
0.03017        0.03472        0.02122        	0.7739
0.0253         0.04195        0.01372        	0.809
0.02088        0.04768        0.006878       	0.8442
0.01694        0.05155        0.002012       	0.8794
0.01354        0.05339        2.274e-05      	0.9146
0.01065        0.05327        0.001262       	0.9497
0.008246       0.0514         0.00553        	0.9849
0.00629        0.0481         0.01217        	1.02
0.004727       0.04376        0.02022        	1.055
0.0035         0.03879        0.02861        	1.09
0.002553       0.03354        0.03635        	1.126
0.001836       0.02834        0.04263        	1.161
0.001301       0.02341        0.04691        	1.196
0.0009092      0.01893        0.04899        	1.231
0.0006263      0.015          0.0489         	1.266
0.0004254      0.01165        0.04691        	1.302
0.000285       0.008874       0.04343        	1.337
0.0001882      0.006635       0.03892        	1.372
0.0001226      0.004871       0.03385        	1.407
7.882e-05      0.003512       0.02863        	1.442
4.996e-05      0.002489       0.02358        	1.477
3.125e-05      0.001733       0.01895        	1.513
1.928e-05      0.001187       0.01486        	1.548
1.173e-05      0.0007996      0.0114         	1.583
7.047e-06      0.0005299      0.008552       	1.618
4.176e-06      0.0003455      0.006282       	1.653
2.442e-06      0.0002217      0.00452        	1.688
1.409e-06      0.0001401      0.003188       	1.724
8.026e-07      8.714e-05      0.002206       	1.759
4.511e-07      5.337e-05      0.001497       	1.794
2.502e-07      3.22e-05       0.0009974      	1.829
1.37e-07       1.913e-05      0.0006526      	1.864
7.402e-08      1.12e-05       0.0004194      	1.899
3.949e-08      6.461e-06      0.0002649      	1.935
2.079e-08      3.672e-06      0.0001644      	1.97
1.08e-08       2.057e-06      0.0001003      	2.005
5.54e-09       1.135e-06      6.021e-05      	2.04
2.806e-09      6.179e-07      3.554e-05      	2.075
1.402e-09      3.315e-07      2.064e-05      	2.111
6.912e-10      1.753e-07      1.179e-05      	2.146
3.368e-10      9.143e-08      6.633e-06      	2.181
1.617e-10      4.7e-08        3.672e-06      	2.216
7.641e-11      2.383e-08      2.001e-06      	2.251
3.552e-11      1.191e-08      1.074e-06      	2.286
1.628e-11      5.88e-09       5.675e-07      	2.322
7.348e-12      2.861e-09      2.954e-07      	2.357
3.231e-12      1.373e-09      1.515e-07      	2.392
1.471e-12      6.5e-10        7.65e-08       	2.427
6.373e-13      3.046e-10      3.807e-08      	2.462
2.824e-13      1.407e-10      1.867e-08      	2.497
1.093e-13      6.398e-11      9.023e-09      	2.533
4.897e-14      2.847e-11      4.3e-09        	2.568
2.883e-14      1.277e-11      2.018e-09      	2.603
1.273e-14      5.68e-12       9.353e-10      	2.638
6.603e-15      2.517e-12      4.26e-10       	2.673
7.666e-16      1.084e-12      1.913e-10      	2.709
5.58e-16       4.465e-13      8.457e-11      	2.744
4.25e-16       1.784e-13      3.706e-11      	2.779
8.745e-16      7.367e-14      1.61e-11       	2.814
5.075e-18      3.666e-14      6.851e-12      	2.849
3.75e-18       1.268e-14      2.868e-12      	2.884
5.856e-17      4.741e-15      1.167e-12      	2.92
4.411e-18      5.007e-16      4.591e-13      	2.955
3.119e-17      1.111e-16      1.9e-13        	2.99
1.254e-17      1.019e-16      8.53e-14       	3.025
4.297e-16      1.204e-19      3.497e-14      	3.06
7.302e-16      6.428e-16      1.199e-14      	3.095
2.023e-15      1.452e-15      4.483e-15      	3.131
7.278e-16      6.34e-16       2.923e-15      	3.166
8.643e-17      8.159e-16      2.622e-15      	3.201
1.345e-18      1.776e-18      1.127e-16      	3.236
8.576e-20      1.089e-16      1.125e-15      	3.271
8.98e-16       1.092e-16      1.394e-16      	3.307
3.884e-16      1.434e-17      1.444e-16      	3.342
4.006e-16      1.098e-17      4.298e-17      	3.377
1.036e-17      4.575e-20      4.791e-17      	3.412
5.26e-17       3.659e-16      1.363e-16      	3.447
1.206e-15      4.901e-16      2.025e-17      	3.482
3.605e-16      2.542e-16      1.39e-17       	3.518
9.657e-17      5.853e-16      1.583e-16      	3.553
4.269e-17      7.29e-17       2.626e-18      	3.588
1.361e-16      2.197e-16      2.381e-16      	3.623
1.529e-15      2.494e-16      1.161e-16      	3.658
6.714e-16      1.734e-16      8.944e-19      	3.693
2.984e-16      4.174e-17      1.034e-19      	3.729
8.955e-17      2.471e-17      2.356e-17      	3.764
2.506e-18      8.133e-18      1.024e-16      	3.799
7.566e-17      8.809e-17      3.429e-19      	3.834
3.04e-17       3.583e-17      3.457e-16      	3.869
5.772e-17      3.572e-17      6.434e-17      	3.905
4.27e-17       1.024e-17      2.577e-17      	3.94
3.279e-18      1.351e-16      1.512e-18      	3.975
6.453e-18      5.314e-18      2.348e-17      	4.01
1.369e-16      1.425e-17      2.367e-17      	4.045
6.453e-17      1.783e-16      1.161e-16      	4.08
7.442e-17      4.152e-19      1.491e-17      	4.116
5.517e-17      2.456e-16      6.073e-17      	4.151
9.496e-20      9.06e-17       1.182e-17      	4.186
7.796e-17      3.976e-18      2.434e-16      	4.221
1.408e-16      1.219e-17      4.896e-16      	4.256
1.472e-17      1.254e-16      6.13e-20       	4.291
2.994e-19      5.703e-22      7.015e-18      	4.327
3.246e-18      5.338e-17      5.507e-17      	4.362
5.367e-17      6.134e-16      2.274e-18      	4.397
1.545e-17      5.988e-16      1.731e-16      	4.432
1.029e-16      5.252e-17      1.388e-16      	4.467
5.553e-17      1.803e-16      2.576e-17      	4.503
1.57e-16       1.936e-18      1.165e-16      	4.538
3.128e-19      1.822e-16      9.35e-17       	4.573
6.058e-17      2.332e-17      9.644e-17      	4.608
1.701e-16      9.531e-17      1.293e-17      	4.643
4.55e-19       6.69e-17       5.8e-17        	4.678
8.075e-16      2.249e-16      2.141e-18      	4.714
8.068e-17      2.06e-16       8.044e-17      	4.749
5.782e-17      3.813e-17      5.993e-17      	4.784
1.235e-17      1.174e-17      3.456e-16      	4.819
5.15e-17       9.804e-18      9.766e-18      	4.854
1.493e-16      7.229e-17      4.77e-17       	4.889
1.132e-17      1.077e-17      1.207e-16      	4.925
6.644e-18      1.332e-17      4.651e-18      	4.96
4.549e-17      2.176e-18      7.098e-24      	4.995
1.047e-16      1.05e-17       6.871e-17      	5.03
3.604e-18      5.306e-17      1.643e-19      	5.065
7.992e-17      6.114e-17      5.135e-17      	5.101
5.914e-18      1.477e-17      5.702e-17      	5.136
1.332e-16      7.112e-17      3.308e-17      	5.171
2.383e-19      6.175e-18      1.578e-16      	5.206
1.657e-16      2.712e-16      1.159e-16      	5.241
1.295e-16      1.635e-18      3.526e-17      	5.276
5.741e-18      5.262e-17      7.938e-17      	5.312
1.445e-17      9.639e-18      9.225e-17      	5.347
1.71e-16       9.583e-18      1.128e-16      	5.382
2.476e-17      6.345e-17      7.505e-17      	5.417
5.181e-17      1.283e-16      1.935e-17      	5.452
1.308e-16      3.765e-18      4.833e-17      	5.487
5.353e-17      1.574e-16      5.746e-17      	5.523
5.754e-19      2.714e-19      5.501e-17      	5.558
2.863e-17      8.08e-18       6.059e-19      	5.593
3.823e-19      5.003e-17      5.83e-17       	5.628
1.469e-17      1.208e-17      5.102e-18      	5.663
7.727e-17      2.605e-16      1.75e-17       	5.698
2.724e-16      2.594e-16      3.348e-16      	5.734
1.67e-17       1.519e-17      1.778e-16      	5.769
6.68e-18       8.691e-17      1.349e-16      	5.804
1.798e-16      8.166e-16      9.94e-17       	5.839
1.046e-16      9.6e-17        3.919e-17      	5.874
9.417e-17      5.831e-16      2.513e-17      	5.91
7.327e-18      8.087e-17      2.931e-18      	5.945
7.8e-18        1.663e-17      5.117e-17      	5.98
2.975e-16      2.512e-17      5.282e-17      	6.015
2.204e-20      4.907e-18      2.328e-17      	6.05
1.43e-16       1.537e-17      5.096e-17      	6.085
6.677e-17      6.764e-17      2.185e-18      	6.121
2.133e-17      1.152e-17      4.119e-17      	6.156
7.243e-17      7.157e-18      1.511e-16      	6.191
3.611e-19      3.626e-17      1.157e-16      	6.226
1.838e-17      6.109e-17      7.418e-17      	6.261
4.267e-19      6.169e-17      1.384e-16      	6.296
2.606e-20      7.744e-17      4.08e-17       	6.332
2.053e-16      8.186e-17      5.667e-16      	6.367
6.409e-17      3.688e-18      3.839e-17      	6.402
5.3e-18        4.125e-17      9.309e-18      	6.437
1.721e-17      7.246e-21      4.681e-17      	6.472
1.275e-17      1.012e-19      8.303e-17      	6.508
1.269e-18      2.019e-16      4.97e-17       	6.543
1.347e-16      1.626e-16      1.489e-17      	6.578
1.421e-17      6.68e-17       9.919e-17      	6.613
5.024e-18      7.666e-18      3.232e-18      	6.648
5.82e-17       2.275e-16      6.511e-17      	6.683
1.546e-17      6.168e-18      2.59e-17       	6.719
3.045e-16      6.964e-17      7.594e-17      	6.754
2.987e-17      1.128e-16      2.6e-20        	6.789
3.414e-18      7.606e-18      1.517e-18      	6.824
6.759e-19      5.714e-17      3.814e-17      	6.859
7.116e-17      1.97e-17       2.171e-16      	6.894
2.579e-16      7.012e-18      5.871e-17      	6.93
1.044e-18      4.742e-17      1.035e-16      	6.965
0              0              0              	7
